SPEAKER         id       #SENT      #WORD       Corr        Sub        Ins        Del        Err      S.Err
FAM             raw         73        262        261          1          1          0          2          1
FAM             sys         73        262      99.62       0.38       0.38       0.00       0.76       1.37
FBL             raw         73        262        198         63         10          1         74         27
FBL             sys         73        262      75.57      24.05       3.82       0.38      28.24      36.99
FDH             raw         73        262        231         27          5          4         36         16
FDH             sys         73        262      88.17      10.31       1.91       1.53      13.74      21.92
FGA             raw         73        262        240         19          1          3         23         11
FGA             sys         73        262      91.60       7.25       0.38       1.15       8.78      15.07
FSP             raw         73        262        258          4          0          0          4          3
FSP             sys         73        262      98.47       1.53       0.00       0.00       1.53       4.11
MGN             raw         73        262        243         19          1          0         20          9
MGN             sys         73        262      92.75       7.25       0.38       0.00       7.63      12.33
MKA             raw         73        262        254          7          0          1          8          3
MKA             sys         73        262      96.95       2.67       0.00       0.38       3.05       4.11
MMU             raw         73        262        242         14          1          6         21          8
MMU             sys         73        262      92.37       5.34       0.38       2.29       8.02      10.96
MSU             raw         73        262        249         11          0          2         13          4
MSU             sys         73        262      95.04       4.20       0.00       0.76       4.96       5.48
MVI             raw         73        262        245         15          0          2         17          7
MVI             sys         73        262      93.51       5.73       0.00       0.76       6.49       9.59
SUM             raw        730       2620       2421        180         19         19        218         89
SUM             sys        730       2620      92.40       6.87       0.73       0.73       8.32      12.19
